20 0.591651 0.519903 0.811675 0.855371
0 0.329485 0.656735 0.169299 0.0862196
0 0.487247 0.735997 0.0358023 0.0405192
0 0.510309 0.839357 0.0680656 0.0462226
0 0.539161 0.769219 0.136666 0.0560922
0 0.852756 0.448889 0.0297203 0.0462584
0 0.391597 0.624865 0.0340532 0.0288448
0 0.603353 0.425762 0.0348312 0.0485508
0 0.464987 0.551306 0.0246925 0.0505833
0 0.852756 0.448889 0.0297203 0.0462584
0 0.391597 0.624865 0.0340532 0.0288448
0 0.603353 0.425762 0.0348312 0.0485508
0 0.464987 0.551306 0.0246925 0.0505833
0 0.852756 0.448889 0.0297203 0.0462584
0 0.391597 0.624865 0.0340532 0.0288448
0 0.603353 0.425762 0.0348312 0.0485508
0 0.464987 0.551306 0.0246925 0.0505833
0 0.852756 0.448889 0.0297203 0.0462584
0 0.391597 0.624865 0.0340532 0.0288448
0 0.603353 0.425762 0.0348312 0.0485508
0 0.464987 0.551306 0.0246925 0.0505833
0 0.852756 0.448889 0.0297203 0.0462584
0 0.391597 0.624865 0.0340532 0.0288448
